tensor([[[-0.0840,  0.0599,  1.3039],
         [-0.0840,  0.0599,  1.3039],
         [-0.0840,  0.0599,  1.3039],
         ...,
         [-0.0840,  0.0599,  1.3039],
         [-0.0840,  0.0599,  1.3039],
         [-0.0840,  0.0599,  1.3039]]], device='cuda:0')

tensor([[[-0.2519,  0.3343, -0.9082],
         [-0.4334,  0.3154, -0.8442],
         [-0.0798, -0.0587, -0.9951],
         ...,
         [-0.1565,  0.1545, -0.9755],
         [ 0.2592, -0.4368, -0.8614],
         [ 0.3974,  0.3325, -0.8553]]], device='cuda:0')
camera
tensor([[ 7.5600e+02,  1.0080e+03,  7.6766e+02,  0.0000e+00,  5.0400e+02,
          0.0000e+00,  0.0000e+00,  7.6766e+02,  3.7800e+02,  0.0000e+00,
          0.0000e+00,  0.0000e+00,  1.0000e+00,  0.0000e+00,  0.0000e+00,
          0.0000e+00,  0.0000e+00,  1.0000e+00,  9.9402e-01,  1.1168e-02,
         -1.0861e-01,  1.4142e-01,  4.2246e-03, -9.9794e-01, -6.3957e-02,
          9.0523e-02, -1.0910e-01,  6.3116e-02, -9.9203e-01,  1.3210e+00,
          0.0000e+00,  0.0000e+00,  0.0000e+00,  1.0000e+00]], device='cuda:0')
          
tensor([ 7.5600e+02,  1.0080e+03,  7.6766e+02,  0.0000e+00,  5.0400e+02,
         0.0000e+00,  0.0000e+00,  7.6766e+02,  3.7800e+02,  0.0000e+00,
         0.0000e+00,  0.0000e+00,  1.0000e+00,  0.0000e+00,  0.0000e+00,
         0.0000e+00,  0.0000e+00,  1.0000e+00,  9.9402e-01,  1.1168e-02,
        -1.0861e-01,  1.4142e-01,  4.2246e-03, -9.9794e-01, -6.3957e-02,
         9.0523e-02, -1.0910e-01,  6.3116e-02, -9.9203e-01,  1.3210e+00,
         0.0000e+00,  0.0000e+00,  0.0000e+00,  1.0000e+00], device='cuda:0')